proceso_id,epoca,packing,tunel,tipo_tunel,iteracion,mass_group,masa_ton,ocupabilidad,caudal_factor,anomalia_duracion,duracion_min,duracion_esperada_min,delta_duracion_pct,setpoint,T0,pct_transitorio,t_trans_min,overshoot_pct,tiempo_min,temperatura
2735,mixtura,packing_A,T09,largo,15,G2,3.9696358274465924,0.6724650352859182,0.917968643083878,False,334,331.38021089450325,0.7905689656075373,0.02877529462371141,23.17416305890524,60,200.4,9.830838656053665,0,23.061748272204895
2735,mixtura,packing_A,T09,largo,15,G2,3.9696358274465924,0.6724650352859182,0.917968643083878,False,334,331.38021089450325,0.7905689656075373,0.02877529462371141,23.17416305890524,60,200.4,9.830838656053665,1,22.944528697663834
2735,mixtura,packing_A,T09,largo,15,G2,3.9696358274465924,0.6724650352859182,0.917968643083878,False,334,331.38021089450325,0.7905689656075373,0.02877529462371141,23.17416305890524,60,200.4,9.830838656053665,2,22.54292638772312
2735,mixtura,packing_A,T09,largo,15,G2,3.9696358274465924,0.6724650352859182,0.917968643083878,False,334,331.38021089450325,0.7905689656075373,0.02877529462371141,23.17416305890524,60,200.4,9.830838656053665,3,22.16263474910911
2735,mixtura,packing_A,T09,largo,15,G2,3.9696358274465924,0.6724650352859182,0.917968643083878,False,334,331.38021089450325,0.7905689656075373,0.02877529462371141,23.17416305890524,60,200.4,9.830838656053665,4,21.81651253718382
2735,mixtura,packing_A,T09,largo,15,G2,3.9696358274465924,0.6724650352859182,0.917968643083878,False,334,331.38021089450325,0.7905689656075373,0.02877529462371141,23.17416305890524,60,200.4,9.830838656053665,5,21.595254759406014
2735,mixtura,packing_A,T09,largo,15,G2,3.9696358274465924,0.6724650352859182,0.917968643083878,False,334,331.38021089450325,0.7905689656075373,0.02877529462371141,23.17416305890524,60,200.4,9.830838656053665,6,21.431337954396668
2735,mixtura,packing_A,T09,largo,15,G2,3.9696358274465924,0.6724650352859182,0.917968643083878,False,334,331.38021089450325,0.7905689656075373,0.02877529462371141,23.17416305890524,60,200.4,9.830838656053665,7,21.12701360290561
2735,mixtura,packing_A,T09,largo,15,G2,3.9696358274465924,0.6724650352859182,0.917968643083878,False,334,331.38021089450325,0.7905689656075373,0.02877529462371141,23.17416305890524,60,200.4,9.830838656053665,8,20.632467345543027
2735,mixtura,packing_A,T09,largo,15,G2,3.9696358274465924,0.6724650352859182,0.917968643083878,False,334,331.38021089450325,0.7905689656075373,0.02877529462371141,23.17416305890524,60,200.4,9.830838656053665,9,20.31832286585806
2735,mixtura,packing_A,T09,largo,15,G2,3.9696358274465924,0.6724650352859182,0.917968643083878,False,334,331.38021089450325,0.7905689656075373,0.02877529462371141,23.17416305890524,60,200.4,9.830838656053665,10,20.012515181568084
2735,mixtura,packing_A,T09,largo,15,G2,3.9696358274465924,0.6724650352859182,0.917968643083878,False,334,331.38021089450325,0.7905689656075373,0.02877529462371141,23.17416305890524,60,200.4,9.830838656053665,11,19.712761851842583
2735,mixtura,packing_A,T09,largo,15,G2,3.9696358274465924,0.6724650352859182,0.917968643083878,False,334,331.38021089450325,0.7905689656075373,0.02877529462371141,23.17416305890524,60,200.4,9.830838656053665,12,19.19307679898735
2735,mixtura,packing_A,T09,largo,15,G2,3.9696358274465924,0.6724650352859182,0.917968643083878,False,334,331.38021089450325,0.7905689656075373,0.02877529462371141,23.17416305890524,60,200.4,9.830838656053665,13,18.82022669160314
2735,mixtura,packing_A,T09,largo,15,G2,3.9696358274465924,0.6724650352859182,0.917968643083878,False,334,331.38021089450325,0.7905689656075373,0.02877529462371141,23.17416305890524,60,200.4,9.830838656053665,14,18.74746876684426
2735,mixtura,packing_A,T09,largo,15,G2,3.9696358274465924,0.6724650352859182,0.917968643083878,False,334,331.38021089450325,0.7905689656075373,0.02877529462371141,23.17416305890524,60,200.4,9.830838656053665,15,17.966115161435656
2735,mixtura,packing_A,T09,largo,15,G2,3.9696358274465924,0.6724650352859182,0.917968643083878,False,334,331.38021089450325,0.7905689656075373,0.02877529462371141,23.17416305890524,60,200.4,9.830838656053665,16,17.99205025748887
2735,mixtura,packing_A,T09,largo,15,G2,3.9696358274465924,0.6724650352859182,0.917968643083878,False,334,331.38021089450325,0.7905689656075373,0.02877529462371141,23.17416305890524,60,200.4,9.830838656053665,17,17.393160985009235
2735,mixtura,packing_A,T09,largo,15,G2,3.9696358274465924,0.6724650352859182,0.917968643083878,False,334,331.38021089450325,0.7905689656075373,0.02877529462371141,23.17416305890524,60,200.4,9.830838656053665,18,16.964101003215116
2735,mixtura,packing_A,T09,largo,15,G2,3.9696358274465924,0.6724650352859182,0.917968643083878,False,334,331.38021089450325,0.7905689656075373,0.02877529462371141,23.17416305890524,60,200.4,9.830838656053665,19,16.723955820130794
2735,mixtura,packing_A,T09,largo,15,G2,3.9696358274465924,0.6724650352859182,0.917968643083878,False,334,331.38021089450325,0.7905689656075373,0.02877529462371141,23.17416305890524,60,200.4,9.830838656053665,20,16.25854031292089
2735,mixtura,packing_A,T09,largo,15,G2,3.9696358274465924,0.6724650352859182,0.917968643083878,False,334,331.38021089450325,0.7905689656075373,0.02877529462371141,23.17416305890524,60,200.4,9.830838656053665,21,15.863585881134503
2735,mixtura,packing_A,T09,largo,15,G2,3.9696358274465924,0.6724650352859182,0.917968643083878,False,334,331.38021089450325,0.7905689656075373,0.02877529462371141,23.17416305890524,60,200.4,9.830838656053665,22,15.512242985429223
2735,mixtura,packing_A,T09,largo,15,G2,3.9696358274465924,0.6724650352859182,0.917968643083878,False,334,331.38021089450325,0.7905689656075373,0.02877529462371141,23.17416305890524,60,200.4,9.830838656053665,23,14.977096432625407
2735,mixtura,packing_A,T09,largo,15,G2,3.9696358274465924,0.6724650352859182,0.917968643083878,False,334,331.38021089450325,0.7905689656075373,0.02877529462371141,23.17416305890524,60,200.4,9.830838656053665,24,14.69974794011673
2735,mixtura,packing_A,T09,largo,15,G2,3.9696358274465924,0.6724650352859182,0.917968643083878,False,334,331.38021089450325,0.7905689656075373,0.02877529462371141,23.17416305890524,60,200.4,9.830838656053665,25,14.054454119076786
2735,mixtura,packing_A,T09,largo,15,G2,3.9696358274465924,0.6724650352859182,0.917968643083878,False,334,331.38021089450325,0.7905689656075373,0.02877529462371141,23.17416305890524,60,200.4,9.830838656053665,26,13.769543534738874
2735,mixtura,packing_A,T09,largo,15,G2,3.9696358274465924,0.6724650352859182,0.917968643083878,False,334,331.38021089450325,0.7905689656075373,0.02877529462371141,23.17416305890524,60,200.4,9.830838656053665,27,13.558353200093089
2735,mixtura,packing_A,T09,largo,15,G2,3.9696358274465924,0.6724650352859182,0.917968643083878,False,334,331.38021089450325,0.7905689656075373,0.02877529462371141,23.17416305890524,60,200.4,9.830838656053665,28,13.141078131751284
2735,mixtura,packing_A,T09,largo,15,G2,3.9696358274465924,0.6724650352859182,0.917968643083878,False,334,331.38021089450325,0.7905689656075373,0.02877529462371141,23.17416305890524,60,200.4,9.830838656053665,29,12.49743792199501
2735,mixtura,packing_A,T09,largo,15,G2,3.9696358274465924,0.6724650352859182,0.917968643083878,False,334,331.38021089450325,0.7905689656075373,0.02877529462371141,23.17416305890524,60,200.4,9.830838656053665,30,12.217761942984845
2735,mixtura,packing_A,T09,largo,15,G2,3.9696358274465924,0.6724650352859182,0.917968643083878,False,334,331.38021089450325,0.7905689656075373,0.02877529462371141,23.17416305890524,60,200.4,9.830838656053665,31,11.940657347167694
2735,mixtura,packing_A,T09,largo,15,G2,3.9696358274465924,0.6724650352859182,0.917968643083878,False,334,331.38021089450325,0.7905689656075373,0.02877529462371141,23.17416305890524,60,200.4,9.830838656053665,32,11.454520395090588
2735,mixtura,packing_A,T09,largo,15,G2,3.9696358274465924,0.6724650352859182,0.917968643083878,False,334,331.38021089450325,0.7905689656075373,0.02877529462371141,23.17416305890524,60,200.4,9.830838656053665,33,11.005637497598086
2735,mixtura,packing_A,T09,largo,15,G2,3.9696358274465924,0.6724650352859182,0.917968643083878,False,334,331.38021089450325,0.7905689656075373,0.02877529462371141,23.17416305890524,60,200.4,9.830838656053665,34,10.617176876000443
2735,mixtura,packing_A,T09,largo,15,G2,3.9696358274465924,0.6724650352859182,0.917968643083878,False,334,331.38021089450325,0.7905689656075373,0.02877529462371141,23.17416305890524,60,200.4,9.830838656053665,35,10.186039552860807
2735,mixtura,packing_A,T09,largo,15,G2,3.9696358274465924,0.6724650352859182,0.917968643083878,False,334,331.38021089450325,0.7905689656075373,0.02877529462371141,23.17416305890524,60,200.4,9.830838656053665,36,9.792784489323257
2735,mixtura,packing_A,T09,largo,15,G2,3.9696358274465924,0.6724650352859182,0.917968643083878,False,334,331.38021089450325,0.7905689656075373,0.02877529462371141,23.17416305890524,60,200.4,9.830838656053665,37,9.619710286064551
2735,mixtura,packing_A,T09,largo,15,G2,3.9696358274465924,0.6724650352859182,0.917968643083878,False,334,331.38021089450325,0.7905689656075373,0.02877529462371141,23.17416305890524,60,200.4,9.830838656053665,38,8.936655819403953
2735,mixtura,packing_A,T09,largo,15,G2,3.9696358274465924,0.6724650352859182,0.917968643083878,False,334,331.38021089450325,0.7905689656075373,0.02877529462371141,23.17416305890524,60,200.4,9.830838656053665,39,8.781141971416954
2735,mixtura,packing_A,T09,largo,15,G2,3.9696358274465924,0.6724650352859182,0.917968643083878,False,334,331.38021089450325,0.7905689656075373,0.02877529462371141,23.17416305890524,60,200.4,9.830838656053665,40,8.3754788447479
2735,mixtura,packing_A,T09,largo,15,G2,3.9696358274465924,0.6724650352859182,0.917968643083878,False,334,331.38021089450325,0.7905689656075373,0.02877529462371141,23.17416305890524,60,200.4,9.830838656053665,41,7.993182762062274
2735,mixtura,packing_A,T09,largo,15,G2,3.9696358274465924,0.6724650352859182,0.917968643083878,False,334,331.38021089450325,0.7905689656075373,0.02877529462371141,23.17416305890524,60,200.4,9.830838656053665,42,7.573551588212859
2735,mixtura,packing_A,T09,largo,15,G2,3.9696358274465924,0.6724650352859182,0.917968643083878,False,334,331.38021089450325,0.7905689656075373,0.02877529462371141,23.17416305890524,60,200.4,9.830838656053665,43,7.068931950617908
2735,mixtura,packing_A,T09,largo,15,G2,3.9696358274465924,0.6724650352859182,0.917968643083878,False,334,331.38021089450325,0.7905689656075373,0.02877529462371141,23.17416305890524,60,200.4,9.830838656053665,44,7.063767137270665
2735,mixtura,packing_A,T09,largo,15,G2,3.9696358274465924,0.6724650352859182,0.917968643083878,False,334,331.38021089450325,0.7905689656075373,0.02877529462371141,23.17416305890524,60,200.4,9.830838656053665,45,6.32252454486736
2735,mixtura,packing_A,T09,largo,15,G2,3.9696358274465924,0.6724650352859182,0.917968643083878,False,334,331.38021089450325,0.7905689656075373,0.02877529462371141,23.17416305890524,60,200.4,9.830838656053665,46,6.03528989188327
2735,mixtura,packing_A,T09,largo,15,G2,3.9696358274465924,0.6724650352859182,0.917968643083878,False,334,331.38021089450325,0.7905689656075373,0.02877529462371141,23.17416305890524,60,200.4,9.830838656053665,47,5.76955838185051
2735,mixtura,packing_A,T09,largo,15,G2,3.9696358274465924,0.6724650352859182,0.917968643083878,False,334,331.38021089450325,0.7905689656075373,0.02877529462371141,23.17416305890524,60,200.4,9.830838656053665,48,5.325863077313712
2735,mixtura,packing_A,T09,largo,15,G2,3.9696358274465924,0.6724650352859182,0.917968643083878,False,334,331.38021089450325,0.7905689656075373,0.02877529462371141,23.17416305890524,60,200.4,9.830838656053665,49,4.972065845586302
2735,mixtura,packing_A,T09,largo,15,G2,3.9696358274465924,0.6724650352859182,0.917968643083878,False,334,331.38021089450325,0.7905689656075373,0.02877529462371141,23.17416305890524,60,200.4,9.830838656053665,50,4.772404613291746
2735,mixtura,packing_A,T09,largo,15,G2,3.9696358274465924,0.6724650352859182,0.917968643083878,False,334,331.38021089450325,0.7905689656075373,0.02877529462371141,23.17416305890524,60,200.4,9.830838656053665,51,4.294280125365875
2735,mixtura,packing_A,T09,largo,15,G2,3.9696358274465924,0.6724650352859182,0.917968643083878,False,334,331.38021089450325,0.7905689656075373,0.02877529462371141,23.17416305890524,60,200.4,9.830838656053665,52,3.8129439251291632
2735,mixtura,packing_A,T09,largo,15,G2,3.9696358274465924,0.6724650352859182,0.917968643083878,False,334,331.38021089450325,0.7905689656075373,0.02877529462371141,23.17416305890524,60,200.4,9.830838656053665,53,3.586678128762407
2735,mixtura,packing_A,T09,largo,15,G2,3.9696358274465924,0.6724650352859182,0.917968643083878,False,334,331.38021089450325,0.7905689656075373,0.02877529462371141,23.17416305890524,60,200.4,9.830838656053665,54,3.2643408048117926
2735,mixtura,packing_A,T09,largo,15,G2,3.9696358274465924,0.6724650352859182,0.917968643083878,False,334,331.38021089450325,0.7905689656075373,0.02877529462371141,23.17416305890524,60,200.4,9.830838656053665,55,3.1584838880704225
2735,mixtura,packing_A,T09,largo,15,G2,3.9696358274465924,0.6724650352859182,0.917968643083878,False,334,331.38021089450325,0.7905689656075373,0.02877529462371141,23.17416305890524,60,200.4,9.830838656053665,56,2.701073144194016
2735,mixtura,packing_A,T09,largo,15,G2,3.9696358274465924,0.6724650352859182,0.917968643083878,False,334,331.38021089450325,0.7905689656075373,0.02877529462371141,23.17416305890524,60,200.4,9.830838656053665,57,2.269999640415687
2735,mixtura,packing_A,T09,largo,15,G2,3.9696358274465924,0.6724650352859182,0.917968643083878,False,334,331.38021089450325,0.7905689656075373,0.02877529462371141,23.17416305890524,60,200.4,9.830838656053665,58,1.8134629097872368
2735,mixtura,packing_A,T09,largo,15,G2,3.9696358274465924,0.6724650352859182,0.917968643083878,False,334,331.38021089450325,0.7905689656075373,0.02877529462371141,23.17416305890524,60,200.4,9.830838656053665,59,1.6905698834585414
2735,mixtura,packing_A,T09,largo,15,G2,3.9696358274465924,0.6724650352859182,0.917968643083878,False,334,331.38021089450325,0.7905689656075373,0.02877529462371141,23.17416305890524,60,200.4,9.830838656053665,60,1.3949463755416927
2735,mixtura,packing_A,T09,largo,15,G2,3.9696358274465924,0.6724650352859182,0.917968643083878,False,334,331.38021089450325,0.7905689656075373,0.02877529462371141,23.17416305890524,60,200.4,9.830838656053665,61,1.0086609462721046
2735,mixtura,packing_A,T09,largo,15,G2,3.9696358274465924,0.6724650352859182,0.917968643083878,False,334,331.38021089450325,0.7905689656075373,0.02877529462371141,23.17416305890524,60,200.4,9.830838656053665,62,0.6706922458325375
2735,mixtura,packing_A,T09,largo,15,G2,3.9696358274465924,0.6724650352859182,0.917968643083878,False,334,331.38021089450325,0.7905689656075373,0.02877529462371141,23.17416305890524,60,200.4,9.830838656053665,63,0.5207569562713776
2735,mixtura,packing_A,T09,largo,15,G2,3.9696358274465924,0.6724650352859182,0.917968643083878,False,334,331.38021089450325,0.7905689656075373,0.02877529462371141,23.17416305890524,60,200.4,9.830838656053665,64,0.14624597566419778
2735,mixtura,packing_A,T09,largo,15,G2,3.9696358274465924,0.6724650352859182,0.917968643083878,False,334,331.38021089450325,0.7905689656075373,0.02877529462371141,23.17416305890524,60,200.4,9.830838656053665,65,-0.1438870099962862
2735,mixtura,packing_A,T09,largo,15,G2,3.9696358274465924,0.6724650352859182,0.917968643083878,False,334,331.38021089450325,0.7905689656075373,0.02877529462371141,23.17416305890524,60,200.4,9.830838656053665,66,-0.3112255452650584
2735,mixtura,packing_A,T09,largo,15,G2,3.9696358274465924,0.6724650352859182,0.917968643083878,False,334,331.38021089450325,0.7905689656075373,0.02877529462371141,23.17416305890524,60,200.4,9.830838656053665,67,-0.6614735191356588
2735,mixtura,packing_A,T09,largo,15,G2,3.9696358274465924,0.6724650352859182,0.917968643083878,False,334,331.38021089450325,0.7905689656075373,0.02877529462371141,23.17416305890524,60,200.4,9.830838656053665,68,-0.7859383484562195
2735,mixtura,packing_A,T09,largo,15,G2,3.9696358274465924,0.6724650352859182,0.917968643083878,False,334,331.38021089450325,0.7905689656075373,0.02877529462371141,23.17416305890524,60,200.4,9.830838656053665,69,-1.2399547344122566
2735,mixtura,packing_A,T09,largo,15,G2,3.9696358274465924,0.6724650352859182,0.917968643083878,False,334,331.38021089450325,0.7905689656075373,0.02877529462371141,23.17416305890524,60,200.4,9.830838656053665,70,-1.4191207774088292
2735,mixtura,packing_A,T09,largo,15,G2,3.9696358274465924,0.6724650352859182,0.917968643083878,False,334,331.38021089450325,0.7905689656075373,0.02877529462371141,23.17416305890524,60,200.4,9.830838656053665,71,-1.9322121726799124
2735,mixtura,packing_A,T09,largo,15,G2,3.9696358274465924,0.6724650352859182,0.917968643083878,False,334,331.38021089450325,0.7905689656075373,0.02877529462371141,23.17416305890524,60,200.4,9.830838656053665,72,-1.9611768339875093
2735,mixtura,packing_A,T09,largo,15,G2,3.9696358274465924,0.6724650352859182,0.917968643083878,False,334,331.38021089450325,0.7905689656075373,0.02877529462371141,23.17416305890524,60,200.4,9.830838656053665,73,-2.306068649722479
2735,mixtura,packing_A,T09,largo,15,G2,3.9696358274465924,0.6724650352859182,0.917968643083878,False,334,331.38021089450325,0.7905689656075373,0.02877529462371141,23.17416305890524,60,200.4,9.830838656053665,74,-2.2375085177990095
2735,mixtura,packing_A,T09,largo,15,G2,3.9696358274465924,0.6724650352859182,0.917968643083878,False,334,331.38021089450325,0.7905689656075373,0.02877529462371141,23.17416305890524,60,200.4,9.830838656053665,75,-2.738741618243188
2735,mixtura,packing_A,T09,largo,15,G2,3.9696358274465924,0.6724650352859182,0.917968643083878,False,334,331.38021089450325,0.7905689656075373,0.02877529462371141,23.17416305890524,60,200.4,9.830838656053665,76,-2.760495977658503
2735,mixtura,packing_A,T09,largo,15,G2,3.9696358274465924,0.6724650352859182,0.917968643083878,False,334,331.38021089450325,0.7905689656075373,0.02877529462371141,23.17416305890524,60,200.4,9.830838656053665,77,-3.2766209883395168
2735,mixtura,packing_A,T09,largo,15,G2,3.9696358274465924,0.6724650352859182,0.917968643083878,False,334,331.38021089450325,0.7905689656075373,0.02877529462371141,23.17416305890524,60,200.4,9.830838656053665,78,-3.2694371310587447
2735,mixtura,packing_A,T09,largo,15,G2,3.9696358274465924,0.6724650352859182,0.917968643083878,False,334,331.38021089450325,0.7905689656075373,0.02877529462371141,23.17416305890524,60,200.4,9.830838656053665,79,-3.460760435044654
2735,mixtura,packing_A,T09,largo,15,G2,3.9696358274465924,0.6724650352859182,0.917968643083878,False,334,331.38021089450325,0.7905689656075373,0.02877529462371141,23.17416305890524,60,200.4,9.830838656053665,80,-3.570945605693626
2735,mixtura,packing_A,T09,largo,15,G2,3.9696358274465924,0.6724650352859182,0.917968643083878,False,334,331.38021089450325,0.7905689656075373,0.02877529462371141,23.17416305890524,60,200.4,9.830838656053665,81,-3.9145711294396017
2735,mixtura,packing_A,T09,largo,15,G2,3.9696358274465924,0.6724650352859182,0.917968643083878,False,334,331.38021089450325,0.7905689656075373,0.02877529462371141,23.17416305890524,60,200.4,9.830838656053665,82,-3.8869781135193358
2735,mixtura,packing_A,T09,largo,15,G2,3.9696358274465924,0.6724650352859182,0.917968643083878,False,334,331.38021089450325,0.7905689656075373,0.02877529462371141,23.17416305890524,60,200.4,9.830838656053665,83,-4.230838789642058
2735,mixtura,packing_A,T09,largo,15,G2,3.9696358274465924,0.6724650352859182,0.917968643083878,False,334,331.38021089450325,0.7905689656075373,0.02877529462371141,23.17416305890524,60,200.4,9.830838656053665,84,-4.361666522787711
2735,mixtura,packing_A,T09,largo,15,G2,3.9696358274465924,0.6724650352859182,0.917968643083878,False,334,331.38021089450325,0.7905689656075373,0.02877529462371141,23.17416305890524,60,200.4,9.830838656053665,85,-4.512939494335327
2735,mixtura,packing_A,T09,largo,15,G2,3.9696358274465924,0.6724650352859182,0.917968643083878,False,334,331.38021089450325,0.7905689656075373,0.02877529462371141,23.17416305890524,60,200.4,9.830838656053665,86,-4.710823102901417
2735,mixtura,packing_A,T09,largo,15,G2,3.9696358274465924,0.6724650352859182,0.917968643083878,False,334,331.38021089450325,0.7905689656075373,0.02877529462371141,23.17416305890524,60,200.4,9.830838656053665,87,-4.716251325108977
2735,mixtura,packing_A,T09,largo,15,G2,3.9696358274465924,0.6724650352859182,0.917968643083878,False,334,331.38021089450325,0.7905689656075373,0.02877529462371141,23.17416305890524,60,200.4,9.830838656053665,88,-4.926121811625075
2735,mixtura,packing_A,T09,largo,15,G2,3.9696358274465924,0.6724650352859182,0.917968643083878,False,334,331.38021089450325,0.7905689656075373,0.02877529462371141,23.17416305890524,60,200.4,9.830838656053665,89,-5.014400672050894
2735,mixtura,packing_A,T09,largo,15,G2,3.9696358274465924,0.6724650352859182,0.917968643083878,False,334,331.38021089450325,0.7905689656075373,0.02877529462371141,23.17416305890524,60,200.4,9.830838656053665,90,-4.830712563553043
2735,mixtura,packing_A,T09,largo,15,G2,3.9696358274465924,0.6724650352859182,0.917968643083878,False,334,331.38021089450325,0.7905689656075373,0.02877529462371141,23.17416305890524,60,200.4,9.830838656053665,91,-5.388519403786171
2735,mixtura,packing_A,T09,largo,15,G2,3.9696358274465924,0.6724650352859182,0.917968643083878,False,334,331.38021089450325,0.7905689656075373,0.02877529462371141,23.17416305890524,60,200.4,9.830838656053665,92,-5.553428859085195
2735,mixtura,packing_A,T09,largo,15,G2,3.9696358274465924,0.6724650352859182,0.917968643083878,False,334,331.38021089450325,0.7905689656075373,0.02877529462371141,23.17416305890524,60,200.4,9.830838656053665,93,-5.527822444804259
2735,mixtura,packing_A,T09,largo,15,G2,3.9696358274465924,0.6724650352859182,0.917968643083878,False,334,331.38021089450325,0.7905689656075373,0.02877529462371141,23.17416305890524,60,200.4,9.830838656053665,94,-5.723375942901225
2735,mixtura,packing_A,T09,largo,15,G2,3.9696358274465924,0.6724650352859182,0.917968643083878,False,334,331.38021089450325,0.7905689656075373,0.02877529462371141,23.17416305890524,60,200.4,9.830838656053665,95,-5.825666080882877
2735,mixtura,packing_A,T09,largo,15,G2,3.9696358274465924,0.6724650352859182,0.917968643083878,False,334,331.38021089450325,0.7905689656075373,0.02877529462371141,23.17416305890524,60,200.4,9.830838656053665,96,-5.956969854549544
2735,mixtura,packing_A,T09,largo,15,G2,3.9696358274465924,0.6724650352859182,0.917968643083878,False,334,331.38021089450325,0.7905689656075373,0.02877529462371141,23.17416305890524,60,200.4,9.830838656053665,97,-5.855052805001985
2735,mixtura,packing_A,T09,largo,15,G2,3.9696358274465924,0.6724650352859182,0.917968643083878,False,334,331.38021089450325,0.7905689656075373,0.02877529462371141,23.17416305890524,60,200.4,9.830838656053665,98,-6.041535005142091
2735,mixtura,packing_A,T09,largo,15,G2,3.9696358274465924,0.6724650352859182,0.917968643083878,False,334,331.38021089450325,0.7905689656075373,0.02877529462371141,23.17416305890524,60,200.4,9.830838656053665,99,-6.2219555267896345
2735,mixtura,packing_A,T09,largo,15,G2,3.9696358274465924,0.6724650352859182,0.917968643083878,False,334,331.38021089450325,0.7905689656075373,0.02877529462371141,23.17416305890524,60,200.4,9.830838656053665,100,-5.905122444339729
2735,mixtura,packing_A,T09,largo,15,G2,3.9696358274465924,0.6724650352859182,0.917968643083878,False,334,331.38021089450325,0.7905689656075373,0.02877529462371141,23.17416305890524,60,200.4,9.830838656053665,101,-6.123589164934649
2735,mixtura,packing_A,T09,largo,15,G2,3.9696358274465924,0.6724650352859182,0.917968643083878,False,334,331.38021089450325,0.7905689656075373,0.02877529462371141,23.17416305890524,60,200.4,9.830838656053665,102,-6.522711975524411
2735,mixtura,packing_A,T09,largo,15,G2,3.9696358274465924,0.6724650352859182,0.917968643083878,False,334,331.38021089450325,0.7905689656075373,0.02877529462371141,23.17416305890524,60,200.4,9.830838656053665,103,-6.405544208172398
2735,mixtura,packing_A,T09,largo,15,G2,3.9696358274465924,0.6724650352859182,0.917968643083878,False,334,331.38021089450325,0.7905689656075373,0.02877529462371141,23.17416305890524,60,200.4,9.830838656053665,104,-6.435140826949355
2735,mixtura,packing_A,T09,largo,15,G2,3.9696358274465924,0.6724650352859182,0.917968643083878,False,334,331.38021089450325,0.7905689656075373,0.02877529462371141,23.17416305890524,60,200.4,9.830838656053665,105,-6.432040655437738
2735,mixtura,packing_A,T09,largo,15,G2,3.9696358274465924,0.6724650352859182,0.917968643083878,False,334,331.38021089450325,0.7905689656075373,0.02877529462371141,23.17416305890524,60,200.4,9.830838656053665,106,-6.579163219154163
2735,mixtura,packing_A,T09,largo,15,G2,3.9696358274465924,0.6724650352859182,0.917968643083878,False,334,331.38021089450325,0.7905689656075373,0.02877529462371141,23.17416305890524,60,200.4,9.830838656053665,107,-6.392694705327818
2735,mixtura,packing_A,T09,largo,15,G2,3.9696358274465924,0.6724650352859182,0.917968643083878,False,334,331.38021089450325,0.7905689656075373,0.02877529462371141,23.17416305890524,60,200.4,9.830838656053665,108,-6.614507674841539
2735,mixtura,packing_A,T09,largo,15,G2,3.9696358274465924,0.6724650352859182,0.917968643083878,False,334,331.38021089450325,0.7905689656075373,0.02877529462371141,23.17416305890524,60,200.4,9.830838656053665,109,-6.546818210527422
2735,mixtura,packing_A,T09,largo,15,G2,3.9696358274465924,0.6724650352859182,0.917968643083878,False,334,331.38021089450325,0.7905689656075373,0.02877529462371141,23.17416305890524,60,200.4,9.830838656053665,110,-6.71141921693118
2735,mixtura,packing_A,T09,largo,15,G2,3.9696358274465924,0.6724650352859182,0.917968643083878,False,334,331.38021089450325,0.7905689656075373,0.02877529462371141,23.17416305890524,60,200.4,9.830838656053665,111,-6.622651207158218
2735,mixtura,packing_A,T09,largo,15,G2,3.9696358274465924,0.6724650352859182,0.917968643083878,False,334,331.38021089450325,0.7905689656075373,0.02877529462371141,23.17416305890524,60,200.4,9.830838656053665,112,-6.609452940705437
2735,mixtura,packing_A,T09,largo,15,G2,3.9696358274465924,0.6724650352859182,0.917968643083878,False,334,331.38021089450325,0.7905689656075373,0.02877529462371141,23.17416305890524,60,200.4,9.830838656053665,113,-6.771500518345689
2735,mixtura,packing_A,T09,largo,15,G2,3.9696358274465924,0.6724650352859182,0.917968643083878,False,334,331.38021089450325,0.7905689656075373,0.02877529462371141,23.17416305890524,60,200.4,9.830838656053665,114,-6.6973618630013405
2735,mixtura,packing_A,T09,largo,15,G2,3.9696358274465924,0.6724650352859182,0.917968643083878,False,334,331.38021089450325,0.7905689656075373,0.02877529462371141,23.17416305890524,60,200.4,9.830838656053665,115,-6.848923753376421
2735,mixtura,packing_A,T09,largo,15,G2,3.9696358274465924,0.6724650352859182,0.917968643083878,False,334,331.38021089450325,0.7905689656075373,0.02877529462371141,23.17416305890524,60,200.4,9.830838656053665,116,-6.795593503186516
2735,mixtura,packing_A,T09,largo,15,G2,3.9696358274465924,0.6724650352859182,0.917968643083878,False,334,331.38021089450325,0.7905689656075373,0.02877529462371141,23.17416305890524,60,200.4,9.830838656053665,117,-6.804331125390035
2735,mixtura,packing_A,T09,largo,15,G2,3.9696358274465924,0.6724650352859182,0.917968643083878,False,334,331.38021089450325,0.7905689656075373,0.02877529462371141,23.17416305890524,60,200.4,9.830838656053665,118,-6.637064060282369
2735,mixtura,packing_A,T09,largo,15,G2,3.9696358274465924,0.6724650352859182,0.917968643083878,False,334,331.38021089450325,0.7905689656075373,0.02877529462371141,23.17416305890524,60,200.4,9.830838656053665,119,-6.736747624267229
2735,mixtura,packing_A,T09,largo,15,G2,3.9696358274465924,0.6724650352859182,0.917968643083878,False,334,331.38021089450325,0.7905689656075373,0.02877529462371141,23.17416305890524,60,200.4,9.830838656053665,120,-6.5743381586051015
2735,mixtura,packing_A,T09,largo,15,G2,3.9696358274465924,0.6724650352859182,0.917968643083878,False,334,331.38021089450325,0.7905689656075373,0.02877529462371141,23.17416305890524,60,200.4,9.830838656053665,121,-6.690676716150121
2735,mixtura,packing_A,T09,largo,15,G2,3.9696358274465924,0.6724650352859182,0.917968643083878,False,334,331.38021089450325,0.7905689656075373,0.02877529462371141,23.17416305890524,60,200.4,9.830838656053665,122,-6.597840115852171
2735,mixtura,packing_A,T09,largo,15,G2,3.9696358274465924,0.6724650352859182,0.917968643083878,False,334,331.38021089450325,0.7905689656075373,0.02877529462371141,23.17416305890524,60,200.4,9.830838656053665,123,-6.428433911820977
2735,mixtura,packing_A,T09,largo,15,G2,3.9696358274465924,0.6724650352859182,0.917968643083878,False,334,331.38021089450325,0.7905689656075373,0.02877529462371141,23.17416305890524,60,200.4,9.830838656053665,124,-6.442012926539399
2735,mixtura,packing_A,T09,largo,15,G2,3.9696358274465924,0.6724650352859182,0.917968643083878,False,334,331.38021089450325,0.7905689656075373,0.02877529462371141,23.17416305890524,60,200.4,9.830838656053665,125,-6.489986782290642
2735,mixtura,packing_A,T09,largo,15,G2,3.9696358274465924,0.6724650352859182,0.917968643083878,False,334,331.38021089450325,0.7905689656075373,0.02877529462371141,23.17416305890524,60,200.4,9.830838656053665,126,-6.467814796473806
2735,mixtura,packing_A,T09,largo,15,G2,3.9696358274465924,0.6724650352859182,0.917968643083878,False,334,331.38021089450325,0.7905689656075373,0.02877529462371141,23.17416305890524,60,200.4,9.830838656053665,127,-6.539239052641259
2735,mixtura,packing_A,T09,largo,15,G2,3.9696358274465924,0.6724650352859182,0.917968643083878,False,334,331.38021089450325,0.7905689656075373,0.02877529462371141,23.17416305890524,60,200.4,9.830838656053665,128,-6.334485886322983
2735,mixtura,packing_A,T09,largo,15,G2,3.9696358274465924,0.6724650352859182,0.917968643083878,False,334,331.38021089450325,0.7905689656075373,0.02877529462371141,23.17416305890524,60,200.4,9.830838656053665,129,-6.44651121036008
2735,mixtura,packing_A,T09,largo,15,G2,3.9696358274465924,0.6724650352859182,0.917968643083878,False,334,331.38021089450325,0.7905689656075373,0.02877529462371141,23.17416305890524,60,200.4,9.830838656053665,130,-6.378359148679394
2735,mixtura,packing_A,T09,largo,15,G2,3.9696358274465924,0.6724650352859182,0.917968643083878,False,334,331.38021089450325,0.7905689656075373,0.02877529462371141,23.17416305890524,60,200.4,9.830838656053665,131,-6.41881130912312
2735,mixtura,packing_A,T09,largo,15,G2,3.9696358274465924,0.6724650352859182,0.917968643083878,False,334,331.38021089450325,0.7905689656075373,0.02877529462371141,23.17416305890524,60,200.4,9.830838656053665,132,-6.22168200579618
2735,mixtura,packing_A,T09,largo,15,G2,3.9696358274465924,0.6724650352859182,0.917968643083878,False,334,331.38021089450325,0.7905689656075373,0.02877529462371141,23.17416305890524,60,200.4,9.830838656053665,133,-5.941130773481922
2735,mixtura,packing_A,T09,largo,15,G2,3.9696358274465924,0.6724650352859182,0.917968643083878,False,334,331.38021089450325,0.7905689656075373,0.02877529462371141,23.17416305890524,60,200.4,9.830838656053665,134,-5.996775440873762
2735,mixtura,packing_A,T09,largo,15,G2,3.9696358274465924,0.6724650352859182,0.917968643083878,False,334,331.38021089450325,0.7905689656075373,0.02877529462371141,23.17416305890524,60,200.4,9.830838656053665,135,-5.867542714806237
2735,mixtura,packing_A,T09,largo,15,G2,3.9696358274465924,0.6724650352859182,0.917968643083878,False,334,331.38021089450325,0.7905689656075373,0.02877529462371141,23.17416305890524,60,200.4,9.830838656053665,136,-5.911950235939985
2735,mixtura,packing_A,T09,largo,15,G2,3.9696358274465924,0.6724650352859182,0.917968643083878,False,334,331.38021089450325,0.7905689656075373,0.02877529462371141,23.17416305890524,60,200.4,9.830838656053665,137,-5.9951582599616575
2735,mixtura,packing_A,T09,largo,15,G2,3.9696358274465924,0.6724650352859182,0.917968643083878,False,334,331.38021089450325,0.7905689656075373,0.02877529462371141,23.17416305890524,60,200.4,9.830838656053665,138,-5.7104349980849785
2735,mixtura,packing_A,T09,largo,15,G2,3.9696358274465924,0.6724650352859182,0.917968643083878,False,334,331.38021089450325,0.7905689656075373,0.02877529462371141,23.17416305890524,60,200.4,9.830838656053665,139,-5.724319259328964
2735,mixtura,packing_A,T09,largo,15,G2,3.9696358274465924,0.6724650352859182,0.917968643083878,False,334,331.38021089450325,0.7905689656075373,0.02877529462371141,23.17416305890524,60,200.4,9.830838656053665,140,-5.802508564785343
2735,mixtura,packing_A,T09,largo,15,G2,3.9696358274465924,0.6724650352859182,0.917968643083878,False,334,331.38021089450325,0.7905689656075373,0.02877529462371141,23.17416305890524,60,200.4,9.830838656053665,141,-5.354220251462003
2735,mixtura,packing_A,T09,largo,15,G2,3.9696358274465924,0.6724650352859182,0.917968643083878,False,334,331.38021089450325,0.7905689656075373,0.02877529462371141,23.17416305890524,60,200.4,9.830838656053665,142,-5.394989342795572
2735,mixtura,packing_A,T09,largo,15,G2,3.9696358274465924,0.6724650352859182,0.917968643083878,False,334,331.38021089450325,0.7905689656075373,0.02877529462371141,23.17416305890524,60,200.4,9.830838656053665,143,-5.432616748836237
2735,mixtura,packing_A,T09,largo,15,G2,3.9696358274465924,0.6724650352859182,0.917968643083878,False,334,331.38021089450325,0.7905689656075373,0.02877529462371141,23.17416305890524,60,200.4,9.830838656053665,144,-5.34167288320635
2735,mixtura,packing_A,T09,largo,15,G2,3.9696358274465924,0.6724650352859182,0.917968643083878,False,334,331.38021089450325,0.7905689656075373,0.02877529462371141,23.17416305890524,60,200.4,9.830838656053665,145,-5.271619728842245
2735,mixtura,packing_A,T09,largo,15,G2,3.9696358274465924,0.6724650352859182,0.917968643083878,False,334,331.38021089450325,0.7905689656075373,0.02877529462371141,23.17416305890524,60,200.4,9.830838656053665,146,-5.231332538515871
2735,mixtura,packing_A,T09,largo,15,G2,3.9696358274465924,0.6724650352859182,0.917968643083878,False,334,331.38021089450325,0.7905689656075373,0.02877529462371141,23.17416305890524,60,200.4,9.830838656053665,147,-5.154103415595035
2735,mixtura,packing_A,T09,largo,15,G2,3.9696358274465924,0.6724650352859182,0.917968643083878,False,334,331.38021089450325,0.7905689656075373,0.02877529462371141,23.17416305890524,60,200.4,9.830838656053665,148,-5.062495346240026
2735,mixtura,packing_A,T09,largo,15,G2,3.9696358274465924,0.6724650352859182,0.917968643083878,False,334,331.38021089450325,0.7905689656075373,0.02877529462371141,23.17416305890524,60,200.4,9.830838656053665,149,-5.018223216476638
2735,mixtura,packing_A,T09,largo,15,G2,3.9696358274465924,0.6724650352859182,0.917968643083878,False,334,331.38021089450325,0.7905689656075373,0.02877529462371141,23.17416305890524,60,200.4,9.830838656053665,150,-4.65126948683817
2735,mixtura,packing_A,T09,largo,15,G2,3.9696358274465924,0.6724650352859182,0.917968643083878,False,334,331.38021089450325,0.7905689656075373,0.02877529462371141,23.17416305890524,60,200.4,9.830838656053665,151,-4.762944046965517
2735,mixtura,packing_A,T09,largo,15,G2,3.9696358274465924,0.6724650352859182,0.917968643083878,False,334,331.38021089450325,0.7905689656075373,0.02877529462371141,23.17416305890524,60,200.4,9.830838656053665,152,-4.708048719253357
2735,mixtura,packing_A,T09,largo,15,G2,3.9696358274465924,0.6724650352859182,0.917968643083878,False,334,331.38021089450325,0.7905689656075373,0.02877529462371141,23.17416305890524,60,200.4,9.830838656053665,153,-4.48950019197185
2735,mixtura,packing_A,T09,largo,15,G2,3.9696358274465924,0.6724650352859182,0.917968643083878,False,334,331.38021089450325,0.7905689656075373,0.02877529462371141,23.17416305890524,60,200.4,9.830838656053665,154,-4.330801938500592
2735,mixtura,packing_A,T09,largo,15,G2,3.9696358274465924,0.6724650352859182,0.917968643083878,False,334,331.38021089450325,0.7905689656075373,0.02877529462371141,23.17416305890524,60,200.4,9.830838656053665,155,-4.495714879197574
2735,mixtura,packing_A,T09,largo,15,G2,3.9696358274465924,0.6724650352859182,0.917968643083878,False,334,331.38021089450325,0.7905689656075373,0.02877529462371141,23.17416305890524,60,200.4,9.830838656053665,156,-4.275229046367405
2735,mixtura,packing_A,T09,largo,15,G2,3.9696358274465924,0.6724650352859182,0.917968643083878,False,334,331.38021089450325,0.7905689656075373,0.02877529462371141,23.17416305890524,60,200.4,9.830838656053665,157,-4.303598767702945
2735,mixtura,packing_A,T09,largo,15,G2,3.9696358274465924,0.6724650352859182,0.917968643083878,False,334,331.38021089450325,0.7905689656075373,0.02877529462371141,23.17416305890524,60,200.4,9.830838656053665,158,-3.9246963350058746
2735,mixtura,packing_A,T09,largo,15,G2,3.9696358274465924,0.6724650352859182,0.917968643083878,False,334,331.38021089450325,0.7905689656075373,0.02877529462371141,23.17416305890524,60,200.4,9.830838656053665,159,-3.88045471355245
2735,mixtura,packing_A,T09,largo,15,G2,3.9696358274465924,0.6724650352859182,0.917968643083878,False,334,331.38021089450325,0.7905689656075373,0.02877529462371141,23.17416305890524,60,200.4,9.830838656053665,160,-3.840254526036289
2735,mixtura,packing_A,T09,largo,15,G2,3.9696358274465924,0.6724650352859182,0.917968643083878,False,334,331.38021089450325,0.7905689656075373,0.02877529462371141,23.17416305890524,60,200.4,9.830838656053665,161,-3.751054144081745
2735,mixtura,packing_A,T09,largo,15,G2,3.9696358274465924,0.6724650352859182,0.917968643083878,False,334,331.38021089450325,0.7905689656075373,0.02877529462371141,23.17416305890524,60,200.4,9.830838656053665,162,-3.6925293079635533
2735,mixtura,packing_A,T09,largo,15,G2,3.9696358274465924,0.6724650352859182,0.917968643083878,False,334,331.38021089450325,0.7905689656075373,0.02877529462371141,23.17416305890524,60,200.4,9.830838656053665,163,-3.557944592443486
2735,mixtura,packing_A,T09,largo,15,G2,3.9696358274465924,0.6724650352859182,0.917968643083878,False,334,331.38021089450325,0.7905689656075373,0.02877529462371141,23.17416305890524,60,200.4,9.830838656053665,164,-3.5217958198181765
2735,mixtura,packing_A,T09,largo,15,G2,3.9696358274465924,0.6724650352859182,0.917968643083878,False,334,331.38021089450325,0.7905689656075373,0.02877529462371141,23.17416305890524,60,200.4,9.830838656053665,165,-3.524593015831713
2735,mixtura,packing_A,T09,largo,15,G2,3.9696358274465924,0.6724650352859182,0.917968643083878,False,334,331.38021089450325,0.7905689656075373,0.02877529462371141,23.17416305890524,60,200.4,9.830838656053665,166,-3.2344395226894753
2735,mixtura,packing_A,T09,largo,15,G2,3.9696358274465924,0.6724650352859182,0.917968643083878,False,334,331.38021089450325,0.7905689656075373,0.02877529462371141,23.17416305890524,60,200.4,9.830838656053665,167,-3.2973140406976684
2735,mixtura,packing_A,T09,largo,15,G2,3.9696358274465924,0.6724650352859182,0.917968643083878,False,334,331.38021089450325,0.7905689656075373,0.02877529462371141,23.17416305890524,60,200.4,9.830838656053665,168,-3.2362400385529932
2735,mixtura,packing_A,T09,largo,15,G2,3.9696358274465924,0.6724650352859182,0.917968643083878,False,334,331.38021089450325,0.7905689656075373,0.02877529462371141,23.17416305890524,60,200.4,9.830838656053665,169,-2.9204194249923434
2735,mixtura,packing_A,T09,largo,15,G2,3.9696358274465924,0.6724650352859182,0.917968643083878,False,334,331.38021089450325,0.7905689656075373,0.02877529462371141,23.17416305890524,60,200.4,9.830838656053665,170,-2.6978743657151587
2735,mixtura,packing_A,T09,largo,15,G2,3.9696358274465924,0.6724650352859182,0.917968643083878,False,334,331.38021089450325,0.7905689656075373,0.02877529462371141,23.17416305890524,60,200.4,9.830838656053665,171,-2.5347660628642785
2735,mixtura,packing_A,T09,largo,15,G2,3.9696358274465924,0.6724650352859182,0.917968643083878,False,334,331.38021089450325,0.7905689656075373,0.02877529462371141,23.17416305890524,60,200.4,9.830838656053665,172,-2.6459952338189834
2735,mixtura,packing_A,T09,largo,15,G2,3.9696358274465924,0.6724650352859182,0.917968643083878,False,334,331.38021089450325,0.7905689656075373,0.02877529462371141,23.17416305890524,60,200.4,9.830838656053665,173,-2.447226296080749
2735,mixtura,packing_A,T09,largo,15,G2,3.9696358274465924,0.6724650352859182,0.917968643083878,False,334,331.38021089450325,0.7905689656075373,0.02877529462371141,23.17416305890524,60,200.4,9.830838656053665,174,-2.518362591143414
2735,mixtura,packing_A,T09,largo,15,G2,3.9696358274465924,0.6724650352859182,0.917968643083878,False,334,331.38021089450325,0.7905689656075373,0.02877529462371141,23.17416305890524,60,200.4,9.830838656053665,175,-2.265419890829196
2735,mixtura,packing_A,T09,largo,15,G2,3.9696358274465924,0.6724650352859182,0.917968643083878,False,334,331.38021089450325,0.7905689656075373,0.02877529462371141,23.17416305890524,60,200.4,9.830838656053665,176,-2.2729933848667576
2735,mixtura,packing_A,T09,largo,15,G2,3.9696358274465924,0.6724650352859182,0.917968643083878,False,334,331.38021089450325,0.7905689656075373,0.02877529462371141,23.17416305890524,60,200.4,9.830838656053665,177,-2.2291887116183084
2735,mixtura,packing_A,T09,largo,15,G2,3.9696358274465924,0.6724650352859182,0.917968643083878,False,334,331.38021089450325,0.7905689656075373,0.02877529462371141,23.17416305890524,60,200.4,9.830838656053665,178,-1.6583545633935288
2735,mixtura,packing_A,T09,largo,15,G2,3.9696358274465924,0.6724650352859182,0.917968643083878,False,334,331.38021089450325,0.7905689656075373,0.02877529462371141,23.17416305890524,60,200.4,9.830838656053665,179,-1.9430670612024223
2735,mixtura,packing_A,T09,largo,15,G2,3.9696358274465924,0.6724650352859182,0.917968643083878,False,334,331.38021089450325,0.7905689656075373,0.02877529462371141,23.17416305890524,60,200.4,9.830838656053665,180,-1.8871142732135313
2735,mixtura,packing_A,T09,largo,15,G2,3.9696358274465924,0.6724650352859182,0.917968643083878,False,334,331.38021089450325,0.7905689656075373,0.02877529462371141,23.17416305890524,60,200.4,9.830838656053665,181,-1.6868945718014847
2735,mixtura,packing_A,T09,largo,15,G2,3.9696358274465924,0.6724650352859182,0.917968643083878,False,334,331.38021089450325,0.7905689656075373,0.02877529462371141,23.17416305890524,60,200.4,9.830838656053665,182,-1.571266375956458
2735,mixtura,packing_A,T09,largo,15,G2,3.9696358274465924,0.6724650352859182,0.917968643083878,False,334,331.38021089450325,0.7905689656075373,0.02877529462371141,23.17416305890524,60,200.4,9.830838656053665,183,-1.3066463017223653
2735,mixtura,packing_A,T09,largo,15,G2,3.9696358274465924,0.6724650352859182,0.917968643083878,False,334,331.38021089450325,0.7905689656075373,0.02877529462371141,23.17416305890524,60,200.4,9.830838656053665,184,-1.5684473761166
2735,mixtura,packing_A,T09,largo,15,G2,3.9696358274465924,0.6724650352859182,0.917968643083878,False,334,331.38021089450325,0.7905689656075373,0.02877529462371141,23.17416305890524,60,200.4,9.830838656053665,185,-1.3749319529739021
2735,mixtura,packing_A,T09,largo,15,G2,3.9696358274465924,0.6724650352859182,0.917968643083878,False,334,331.38021089450325,0.7905689656075373,0.02877529462371141,23.17416305890524,60,200.4,9.830838656053665,186,-0.9900868296103446
2735,mixtura,packing_A,T09,largo,15,G2,3.9696358274465924,0.6724650352859182,0.917968643083878,False,334,331.38021089450325,0.7905689656075373,0.02877529462371141,23.17416305890524,60,200.4,9.830838656053665,187,-1.3370468274892187
2735,mixtura,packing_A,T09,largo,15,G2,3.9696358274465924,0.6724650352859182,0.917968643083878,False,334,331.38021089450325,0.7905689656075373,0.02877529462371141,23.17416305890524,60,200.4,9.830838656053665,188,-1.029248103421513
2735,mixtura,packing_A,T09,largo,15,G2,3.9696358274465924,0.6724650352859182,0.917968643083878,False,334,331.38021089450325,0.7905689656075373,0.02877529462371141,23.17416305890524,60,200.4,9.830838656053665,189,-0.9218691821949434
2735,mixtura,packing_A,T09,largo,15,G2,3.9696358274465924,0.6724650352859182,0.917968643083878,False,334,331.38021089450325,0.7905689656075373,0.02877529462371141,23.17416305890524,60,200.4,9.830838656053665,190,-0.8009622786086167
2735,mixtura,packing_A,T09,largo,15,G2,3.9696358274465924,0.6724650352859182,0.917968643083878,False,334,331.38021089450325,0.7905689656075373,0.02877529462371141,23.17416305890524,60,200.4,9.830838656053665,191,-0.8127348540406967
2735,mixtura,packing_A,T09,largo,15,G2,3.9696358274465924,0.6724650352859182,0.917968643083878,False,334,331.38021089450325,0.7905689656075373,0.02877529462371141,23.17416305890524,60,200.4,9.830838656053665,192,-0.8014560772034884
2735,mixtura,packing_A,T09,largo,15,G2,3.9696358274465924,0.6724650352859182,0.917968643083878,False,334,331.38021089450325,0.7905689656075373,0.02877529462371141,23.17416305890524,60,200.4,9.830838656053665,193,-0.5574550440603123
2735,mixtura,packing_A,T09,largo,15,G2,3.9696358274465924,0.6724650352859182,0.917968643083878,False,334,331.38021089450325,0.7905689656075373,0.02877529462371141,23.17416305890524,60,200.4,9.830838656053665,194,-0.5031879178337695
2735,mixtura,packing_A,T09,largo,15,G2,3.9696358274465924,0.6724650352859182,0.917968643083878,False,334,331.38021089450325,0.7905689656075373,0.02877529462371141,23.17416305890524,60,200.4,9.830838656053665,195,-0.2955923874888092
2735,mixtura,packing_A,T09,largo,15,G2,3.9696358274465924,0.6724650352859182,0.917968643083878,False,334,331.38021089450325,0.7905689656075373,0.02877529462371141,23.17416305890524,60,200.4,9.830838656053665,196,-0.3807475464237537
2735,mixtura,packing_A,T09,largo,15,G2,3.9696358274465924,0.6724650352859182,0.917968643083878,False,334,331.38021089450325,0.7905689656075373,0.02877529462371141,23.17416305890524,60,200.4,9.830838656053665,197,-0.38181094955592926
2735,mixtura,packing_A,T09,largo,15,G2,3.9696358274465924,0.6724650352859182,0.917968643083878,False,334,331.38021089450325,0.7905689656075373,0.02877529462371141,23.17416305890524,60,200.4,9.830838656053665,198,-0.13294288814509703
2735,mixtura,packing_A,T09,largo,15,G2,3.9696358274465924,0.6724650352859182,0.917968643083878,False,334,331.38021089450325,0.7905689656075373,0.02877529462371141,23.17416305890524,60,200.4,9.830838656053665,199,-0.077224929212235
2735,mixtura,packing_A,T09,largo,15,G2,3.9696358274465924,0.6724650352859182,0.917968643083878,False,334,331.38021089450325,0.7905689656075373,0.02877529462371141,23.17416305890524,60,200.4,9.830838656053665,200,-0.07744352372871455
2735,mixtura,packing_A,T09,largo,15,G2,3.9696358274465924,0.6724650352859182,0.917968643083878,False,334,331.38021089450325,0.7905689656075373,0.02877529462371141,23.17416305890524,60,200.4,9.830838656053665,201,-0.503173731163989
2735,mixtura,packing_A,T09,largo,15,G2,3.9696358274465924,0.6724650352859182,0.917968643083878,False,334,331.38021089450325,0.7905689656075373,0.02877529462371141,23.17416305890524,60,200.4,9.830838656053665,202,-0.453954697541684
2735,mixtura,packing_A,T09,largo,15,G2,3.9696358274465924,0.6724650352859182,0.917968643083878,False,334,331.38021089450325,0.7905689656075373,0.02877529462371141,23.17416305890524,60,200.4,9.830838656053665,203,-0.5811999215975874
2735,mixtura,packing_A,T09,largo,15,G2,3.9696358274465924,0.6724650352859182,0.917968643083878,False,334,331.38021089450325,0.7905689656075373,0.02877529462371141,23.17416305890524,60,200.4,9.830838656053665,204,-0.4005859571407115
2735,mixtura,packing_A,T09,largo,15,G2,3.9696358274465924,0.6724650352859182,0.917968643083878,False,334,331.38021089450325,0.7905689656075373,0.02877529462371141,23.17416305890524,60,200.4,9.830838656053665,205,-0.3031302301750469
2735,mixtura,packing_A,T09,largo,15,G2,3.9696358274465924,0.6724650352859182,0.917968643083878,False,334,331.38021089450325,0.7905689656075373,0.02877529462371141,23.17416305890524,60,200.4,9.830838656053665,206,-0.3612913895374916
2735,mixtura,packing_A,T09,largo,15,G2,3.9696358274465924,0.6724650352859182,0.917968643083878,False,334,331.38021089450325,0.7905689656075373,0.02877529462371141,23.17416305890524,60,200.4,9.830838656053665,207,-0.19819322161337305
2735,mixtura,packing_A,T09,largo,15,G2,3.9696358274465924,0.6724650352859182,0.917968643083878,False,334,331.38021089450325,0.7905689656075373,0.02877529462371141,23.17416305890524,60,200.4,9.830838656053665,208,-0.10170754493623926
2735,mixtura,packing_A,T09,largo,15,G2,3.9696358274465924,0.6724650352859182,0.917968643083878,False,334,331.38021089450325,0.7905689656075373,0.02877529462371141,23.17416305890524,60,200.4,9.830838656053665,209,-0.08785586901261708
2735,mixtura,packing_A,T09,largo,15,G2,3.9696358274465924,0.6724650352859182,0.917968643083878,False,334,331.38021089450325,0.7905689656075373,0.02877529462371141,23.17416305890524,60,200.4,9.830838656053665,210,-0.03045771181971624
2735,mixtura,packing_A,T09,largo,15,G2,3.9696358274465924,0.6724650352859182,0.917968643083878,False,334,331.38021089450325,0.7905689656075373,0.02877529462371141,23.17416305890524,60,200.4,9.830838656053665,211,0.1496271151585678
2735,mixtura,packing_A,T09,largo,15,G2,3.9696358274465924,0.6724650352859182,0.917968643083878,False,334,331.38021089450325,0.7905689656075373,0.02877529462371141,23.17416305890524,60,200.4,9.830838656053665,212,0.133491976517991
2735,mixtura,packing_A,T09,largo,15,G2,3.9696358274465924,0.6724650352859182,0.917968643083878,False,334,331.38021089450325,0.7905689656075373,0.02877529462371141,23.17416305890524,60,200.4,9.830838656053665,213,0.2982885805462218
2735,mixtura,packing_A,T09,largo,15,G2,3.9696358274465924,0.6724650352859182,0.917968643083878,False,334,331.38021089450325,0.7905689656075373,0.02877529462371141,23.17416305890524,60,200.4,9.830838656053665,214,0.4616106118036081
2735,mixtura,packing_A,T09,largo,15,G2,3.9696358274465924,0.6724650352859182,0.917968643083878,False,334,331.38021089450325,0.7905689656075373,0.02877529462371141,23.17416305890524,60,200.4,9.830838656053665,215,0.4988915327996146
2735,mixtura,packing_A,T09,largo,15,G2,3.9696358274465924,0.6724650352859182,0.917968643083878,False,334,331.38021089450325,0.7905689656075373,0.02877529462371141,23.17416305890524,60,200.4,9.830838656053665,216,0.3976921274340403
2735,mixtura,packing_A,T09,largo,15,G2,3.9696358274465924,0.6724650352859182,0.917968643083878,False,334,331.38021089450325,0.7905689656075373,0.02877529462371141,23.17416305890524,60,200.4,9.830838656053665,217,0.48886773727682836
2735,mixtura,packing_A,T09,largo,15,G2,3.9696358274465924,0.6724650352859182,0.917968643083878,False,334,331.38021089450325,0.7905689656075373,0.02877529462371141,23.17416305890524,60,200.4,9.830838656053665,218,0.5765928168678857
2735,mixtura,packing_A,T09,largo,15,G2,3.9696358274465924,0.6724650352859182,0.917968643083878,False,334,331.38021089450325,0.7905689656075373,0.02877529462371141,23.17416305890524,60,200.4,9.830838656053665,219,0.38860776639354744
2735,mixtura,packing_A,T09,largo,15,G2,3.9696358274465924,0.6724650352859182,0.917968643083878,False,334,331.38021089450325,0.7905689656075373,0.02877529462371141,23.17416305890524,60,200.4,9.830838656053665,220,0.42298776412548567
2735,mixtura,packing_A,T09,largo,15,G2,3.9696358274465924,0.6724650352859182,0.917968643083878,False,334,331.38021089450325,0.7905689656075373,0.02877529462371141,23.17416305890524,60,200.4,9.830838656053665,221,0.5375508188374831
2735,mixtura,packing_A,T09,largo,15,G2,3.9696358274465924,0.6724650352859182,0.917968643083878,False,334,331.38021089450325,0.7905689656075373,0.02877529462371141,23.17416305890524,60,200.4,9.830838656053665,222,0.3454437810620685
2735,mixtura,packing_A,T09,largo,15,G2,3.9696358274465924,0.6724650352859182,0.917968643083878,False,334,331.38021089450325,0.7905689656075373,0.02877529462371141,23.17416305890524,60,200.4,9.830838656053665,223,0.1501338783065913
2735,mixtura,packing_A,T09,largo,15,G2,3.9696358274465924,0.6724650352859182,0.917968643083878,False,334,331.38021089450325,0.7905689656075373,0.02877529462371141,23.17416305890524,60,200.4,9.830838656053665,224,0.19408867906734545
2735,mixtura,packing_A,T09,largo,15,G2,3.9696358274465924,0.6724650352859182,0.917968643083878,False,334,331.38021089450325,0.7905689656075373,0.02877529462371141,23.17416305890524,60,200.4,9.830838656053665,225,0.020387457259713554
2735,mixtura,packing_A,T09,largo,15,G2,3.9696358274465924,0.6724650352859182,0.917968643083878,False,334,331.38021089450325,0.7905689656075373,0.02877529462371141,23.17416305890524,60,200.4,9.830838656053665,226,-0.14722960770614743
2735,mixtura,packing_A,T09,largo,15,G2,3.9696358274465924,0.6724650352859182,0.917968643083878,False,334,331.38021089450325,0.7905689656075373,0.02877529462371141,23.17416305890524,60,200.4,9.830838656053665,227,-0.18284370852051288
2735,mixtura,packing_A,T09,largo,15,G2,3.9696358274465924,0.6724650352859182,0.917968643083878,False,334,331.38021089450325,0.7905689656075373,0.02877529462371141,23.17416305890524,60,200.4,9.830838656053665,228,-0.2844875259019842
2735,mixtura,packing_A,T09,largo,15,G2,3.9696358274465924,0.6724650352859182,0.917968643083878,False,334,331.38021089450325,0.7905689656075373,0.02877529462371141,23.17416305890524,60,200.4,9.830838656053665,229,-0.3091513756059326
2735,mixtura,packing_A,T09,largo,15,G2,3.9696358274465924,0.6724650352859182,0.917968643083878,False,334,331.38021089450325,0.7905689656075373,0.02877529462371141,23.17416305890524,60,200.4,9.830838656053665,230,-0.42857364640818063
2735,mixtura,packing_A,T09,largo,15,G2,3.9696358274465924,0.6724650352859182,0.917968643083878,False,334,331.38021089450325,0.7905689656075373,0.02877529462371141,23.17416305890524,60,200.4,9.830838656053665,231,-0.14855241398763747
2735,mixtura,packing_A,T09,largo,15,G2,3.9696358274465924,0.6724650352859182,0.917968643083878,False,334,331.38021089450325,0.7905689656075373,0.02877529462371141,23.17416305890524,60,200.4,9.830838656053665,232,-0.482197543809407
2735,mixtura,packing_A,T09,largo,15,G2,3.9696358274465924,0.6724650352859182,0.917968643083878,False,334,331.38021089450325,0.7905689656075373,0.02877529462371141,23.17416305890524,60,200.4,9.830838656053665,233,-0.34131979904198584
2735,mixtura,packing_A,T09,largo,15,G2,3.9696358274465924,0.6724650352859182,0.917968643083878,False,334,331.38021089450325,0.7905689656075373,0.02877529462371141,23.17416305890524,60,200.4,9.830838656053665,234,-0.25299137295932106
2735,mixtura,packing_A,T09,largo,15,G2,3.9696358274465924,0.6724650352859182,0.917968643083878,False,334,331.38021089450325,0.7905689656075373,0.02877529462371141,23.17416305890524,60,200.4,9.830838656053665,235,-0.40217342732032235
2735,mixtura,packing_A,T09,largo,15,G2,3.9696358274465924,0.6724650352859182,0.917968643083878,False,334,331.38021089450325,0.7905689656075373,0.02877529462371141,23.17416305890524,60,200.4,9.830838656053665,236,-0.34064502974982047
2735,mixtura,packing_A,T09,largo,15,G2,3.9696358274465924,0.6724650352859182,0.917968643083878,False,334,331.38021089450325,0.7905689656075373,0.02877529462371141,23.17416305890524,60,200.4,9.830838656053665,237,-0.2828465415767738
2735,mixtura,packing_A,T09,largo,15,G2,3.9696358274465924,0.6724650352859182,0.917968643083878,False,334,331.38021089450325,0.7905689656075373,0.02877529462371141,23.17416305890524,60,200.4,9.830838656053665,238,-0.2606264905114646
2735,mixtura,packing_A,T09,largo,15,G2,3.9696358274465924,0.6724650352859182,0.917968643083878,False,334,331.38021089450325,0.7905689656075373,0.02877529462371141,23.17416305890524,60,200.4,9.830838656053665,239,-0.022531965868049987
2735,mixtura,packing_A,T09,largo,15,G2,3.9696358274465924,0.6724650352859182,0.917968643083878,False,334,331.38021089450325,0.7905689656075373,0.02877529462371141,23.17416305890524,60,200.4,9.830838656053665,240,0.03152527913892233
2735,mixtura,packing_A,T09,largo,15,G2,3.9696358274465924,0.6724650352859182,0.917968643083878,False,334,331.38021089450325,0.7905689656075373,0.02877529462371141,23.17416305890524,60,200.4,9.830838656053665,241,0.2491910859674602
2735,mixtura,packing_A,T09,largo,15,G2,3.9696358274465924,0.6724650352859182,0.917968643083878,False,334,331.38021089450325,0.7905689656075373,0.02877529462371141,23.17416305890524,60,200.4,9.830838656053665,242,0.19322004030302406
2735,mixtura,packing_A,T09,largo,15,G2,3.9696358274465924,0.6724650352859182,0.917968643083878,False,334,331.38021089450325,0.7905689656075373,0.02877529462371141,23.17416305890524,60,200.4,9.830838656053665,243,0.2866728623292688
2735,mixtura,packing_A,T09,largo,15,G2,3.9696358274465924,0.6724650352859182,0.917968643083878,False,334,331.38021089450325,0.7905689656075373,0.02877529462371141,23.17416305890524,60,200.4,9.830838656053665,244,0.38125348054756947
2735,mixtura,packing_A,T09,largo,15,G2,3.9696358274465924,0.6724650352859182,0.917968643083878,False,334,331.38021089450325,0.7905689656075373,0.02877529462371141,23.17416305890524,60,200.4,9.830838656053665,245,0.37693443106839164
2735,mixtura,packing_A,T09,largo,15,G2,3.9696358274465924,0.6724650352859182,0.917968643083878,False,334,331.38021089450325,0.7905689656075373,0.02877529462371141,23.17416305890524,60,200.4,9.830838656053665,246,0.4886562001027324
2735,mixtura,packing_A,T09,largo,15,G2,3.9696358274465924,0.6724650352859182,0.917968643083878,False,334,331.38021089450325,0.7905689656075373,0.02877529462371141,23.17416305890524,60,200.4,9.830838656053665,247,0.4387031879557372
2735,mixtura,packing_A,T09,largo,15,G2,3.9696358274465924,0.6724650352859182,0.917968643083878,False,334,331.38021089450325,0.7905689656075373,0.02877529462371141,23.17416305890524,60,200.4,9.830838656053665,248,0.6162355850928664
2735,mixtura,packing_A,T09,largo,15,G2,3.9696358274465924,0.6724650352859182,0.917968643083878,False,334,331.38021089450325,0.7905689656075373,0.02877529462371141,23.17416305890524,60,200.4,9.830838656053665,249,0.3039638803858319
2735,mixtura,packing_A,T09,largo,15,G2,3.9696358274465924,0.6724650352859182,0.917968643083878,False,334,331.38021089450325,0.7905689656075373,0.02877529462371141,23.17416305890524,60,200.4,9.830838656053665,250,0.31936056070243635
2735,mixtura,packing_A,T09,largo,15,G2,3.9696358274465924,0.6724650352859182,0.917968643083878,False,334,331.38021089450325,0.7905689656075373,0.02877529462371141,23.17416305890524,60,200.4,9.830838656053665,251,0.4429347517843244
2735,mixtura,packing_A,T09,largo,15,G2,3.9696358274465924,0.6724650352859182,0.917968643083878,False,334,331.38021089450325,0.7905689656075373,0.02877529462371141,23.17416305890524,60,200.4,9.830838656053665,252,0.45503558237065506
2735,mixtura,packing_A,T09,largo,15,G2,3.9696358274465924,0.6724650352859182,0.917968643083878,False,334,331.38021089450325,0.7905689656075373,0.02877529462371141,23.17416305890524,60,200.4,9.830838656053665,253,0.3065327829775529
2735,mixtura,packing_A,T09,largo,15,G2,3.9696358274465924,0.6724650352859182,0.917968643083878,False,334,331.38021089450325,0.7905689656075373,0.02877529462371141,23.17416305890524,60,200.4,9.830838656053665,254,0.20336869511061437
2735,mixtura,packing_A,T09,largo,15,G2,3.9696358274465924,0.6724650352859182,0.917968643083878,False,334,331.38021089450325,0.7905689656075373,0.02877529462371141,23.17416305890524,60,200.4,9.830838656053665,255,-0.06540242369159503
2735,mixtura,packing_A,T09,largo,15,G2,3.9696358274465924,0.6724650352859182,0.917968643083878,False,334,331.38021089450325,0.7905689656075373,0.02877529462371141,23.17416305890524,60,200.4,9.830838656053665,256,-0.23607561842247915
2735,mixtura,packing_A,T09,largo,15,G2,3.9696358274465924,0.6724650352859182,0.917968643083878,False,334,331.38021089450325,0.7905689656075373,0.02877529462371141,23.17416305890524,60,200.4,9.830838656053665,257,-0.19564998784494797
2735,mixtura,packing_A,T09,largo,15,G2,3.9696358274465924,0.6724650352859182,0.917968643083878,False,334,331.38021089450325,0.7905689656075373,0.02877529462371141,23.17416305890524,60,200.4,9.830838656053665,258,-0.17718120799245393
2735,mixtura,packing_A,T09,largo,15,G2,3.9696358274465924,0.6724650352859182,0.917968643083878,False,334,331.38021089450325,0.7905689656075373,0.02877529462371141,23.17416305890524,60,200.4,9.830838656053665,259,-0.20658019885291284
2735,mixtura,packing_A,T09,largo,15,G2,3.9696358274465924,0.6724650352859182,0.917968643083878,False,334,331.38021089450325,0.7905689656075373,0.02877529462371141,23.17416305890524,60,200.4,9.830838656053665,260,-0.4610615866654394
2735,mixtura,packing_A,T09,largo,15,G2,3.9696358274465924,0.6724650352859182,0.917968643083878,False,334,331.38021089450325,0.7905689656075373,0.02877529462371141,23.17416305890524,60,200.4,9.830838656053665,261,-0.5371479168380722
2735,mixtura,packing_A,T09,largo,15,G2,3.9696358274465924,0.6724650352859182,0.917968643083878,False,334,331.38021089450325,0.7905689656075373,0.02877529462371141,23.17416305890524,60,200.4,9.830838656053665,262,-0.31565424200192893
2735,mixtura,packing_A,T09,largo,15,G2,3.9696358274465924,0.6724650352859182,0.917968643083878,False,334,331.38021089450325,0.7905689656075373,0.02877529462371141,23.17416305890524,60,200.4,9.830838656053665,263,-0.4813330251176071
2735,mixtura,packing_A,T09,largo,15,G2,3.9696358274465924,0.6724650352859182,0.917968643083878,False,334,331.38021089450325,0.7905689656075373,0.02877529462371141,23.17416305890524,60,200.4,9.830838656053665,264,-0.4737819758580243
2735,mixtura,packing_A,T09,largo,15,G2,3.9696358274465924,0.6724650352859182,0.917968643083878,False,334,331.38021089450325,0.7905689656075373,0.02877529462371141,23.17416305890524,60,200.4,9.830838656053665,265,-0.4404452867468462
2735,mixtura,packing_A,T09,largo,15,G2,3.9696358274465924,0.6724650352859182,0.917968643083878,False,334,331.38021089450325,0.7905689656075373,0.02877529462371141,23.17416305890524,60,200.4,9.830838656053665,266,-0.2878883098932384
2735,mixtura,packing_A,T09,largo,15,G2,3.9696358274465924,0.6724650352859182,0.917968643083878,False,334,331.38021089450325,0.7905689656075373,0.02877529462371141,23.17416305890524,60,200.4,9.830838656053665,267,-0.2185356728475856
2735,mixtura,packing_A,T09,largo,15,G2,3.9696358274465924,0.6724650352859182,0.917968643083878,False,334,331.38021089450325,0.7905689656075373,0.02877529462371141,23.17416305890524,60,200.4,9.830838656053665,268,-0.09179132925428087
2735,mixtura,packing_A,T09,largo,15,G2,3.9696358274465924,0.6724650352859182,0.917968643083878,False,334,331.38021089450325,0.7905689656075373,0.02877529462371141,23.17416305890524,60,200.4,9.830838656053665,269,-0.09916595822923582
2735,mixtura,packing_A,T09,largo,15,G2,3.9696358274465924,0.6724650352859182,0.917968643083878,False,334,331.38021089450325,0.7905689656075373,0.02877529462371141,23.17416305890524,60,200.4,9.830838656053665,270,-0.10402778450722663
2735,mixtura,packing_A,T09,largo,15,G2,3.9696358274465924,0.6724650352859182,0.917968643083878,False,334,331.38021089450325,0.7905689656075373,0.02877529462371141,23.17416305890524,60,200.4,9.830838656053665,271,-0.055917062701887316
2735,mixtura,packing_A,T09,largo,15,G2,3.9696358274465924,0.6724650352859182,0.917968643083878,False,334,331.38021089450325,0.7905689656075373,0.02877529462371141,23.17416305890524,60,200.4,9.830838656053665,272,0.1498888755868716
2735,mixtura,packing_A,T09,largo,15,G2,3.9696358274465924,0.6724650352859182,0.917968643083878,False,334,331.38021089450325,0.7905689656075373,0.02877529462371141,23.17416305890524,60,200.4,9.830838656053665,273,0.2361205448449886
2735,mixtura,packing_A,T09,largo,15,G2,3.9696358274465924,0.6724650352859182,0.917968643083878,False,334,331.38021089450325,0.7905689656075373,0.02877529462371141,23.17416305890524,60,200.4,9.830838656053665,274,0.37191989736742104
2735,mixtura,packing_A,T09,largo,15,G2,3.9696358274465924,0.6724650352859182,0.917968643083878,False,334,331.38021089450325,0.7905689656075373,0.02877529462371141,23.17416305890524,60,200.4,9.830838656053665,275,0.4544776001047433
2735,mixtura,packing_A,T09,largo,15,G2,3.9696358274465924,0.6724650352859182,0.917968643083878,False,334,331.38021089450325,0.7905689656075373,0.02877529462371141,23.17416305890524,60,200.4,9.830838656053665,276,0.565528189961024
2735,mixtura,packing_A,T09,largo,15,G2,3.9696358274465924,0.6724650352859182,0.917968643083878,False,334,331.38021089450325,0.7905689656075373,0.02877529462371141,23.17416305890524,60,200.4,9.830838656053665,277,0.5366055492460664
2735,mixtura,packing_A,T09,largo,15,G2,3.9696358274465924,0.6724650352859182,0.917968643083878,False,334,331.38021089450325,0.7905689656075373,0.02877529462371141,23.17416305890524,60,200.4,9.830838656053665,278,0.484691006175439
2735,mixtura,packing_A,T09,largo,15,G2,3.9696358274465924,0.6724650352859182,0.917968643083878,False,334,331.38021089450325,0.7905689656075373,0.02877529462371141,23.17416305890524,60,200.4,9.830838656053665,279,0.3536100293440498
2735,mixtura,packing_A,T09,largo,15,G2,3.9696358274465924,0.6724650352859182,0.917968643083878,False,334,331.38021089450325,0.7905689656075373,0.02877529462371141,23.17416305890524,60,200.4,9.830838656053665,280,0.2415605232742526
2735,mixtura,packing_A,T09,largo,15,G2,3.9696358274465924,0.6724650352859182,0.917968643083878,False,334,331.38021089450325,0.7905689656075373,0.02877529462371141,23.17416305890524,60,200.4,9.830838656053665,281,0.4066573762744057
2735,mixtura,packing_A,T09,largo,15,G2,3.9696358274465924,0.6724650352859182,0.917968643083878,False,334,331.38021089450325,0.7905689656075373,0.02877529462371141,23.17416305890524,60,200.4,9.830838656053665,282,0.2904238808167607
2735,mixtura,packing_A,T09,largo,15,G2,3.9696358274465924,0.6724650352859182,0.917968643083878,False,334,331.38021089450325,0.7905689656075373,0.02877529462371141,23.17416305890524,60,200.4,9.830838656053665,283,0.31523515234779215
2735,mixtura,packing_A,T09,largo,15,G2,3.9696358274465924,0.6724650352859182,0.917968643083878,False,334,331.38021089450325,0.7905689656075373,0.02877529462371141,23.17416305890524,60,200.4,9.830838656053665,284,0.08477174495669143
2735,mixtura,packing_A,T09,largo,15,G2,3.9696358274465924,0.6724650352859182,0.917968643083878,False,334,331.38021089450325,0.7905689656075373,0.02877529462371141,23.17416305890524,60,200.4,9.830838656053665,285,0.12245316584005471
2735,mixtura,packing_A,T09,largo,15,G2,3.9696358274465924,0.6724650352859182,0.917968643083878,False,334,331.38021089450325,0.7905689656075373,0.02877529462371141,23.17416305890524,60,200.4,9.830838656053665,286,0.03173906516060655
2735,mixtura,packing_A,T09,largo,15,G2,3.9696358274465924,0.6724650352859182,0.917968643083878,False,334,331.38021089450325,0.7905689656075373,0.02877529462371141,23.17416305890524,60,200.4,9.830838656053665,287,-0.021586187156383524
2735,mixtura,packing_A,T09,largo,15,G2,3.9696358274465924,0.6724650352859182,0.917968643083878,False,334,331.38021089450325,0.7905689656075373,0.02877529462371141,23.17416305890524,60,200.4,9.830838656053665,288,-0.22112684230095286
2735,mixtura,packing_A,T09,largo,15,G2,3.9696358274465924,0.6724650352859182,0.917968643083878,False,334,331.38021089450325,0.7905689656075373,0.02877529462371141,23.17416305890524,60,200.4,9.830838656053665,289,-0.38729738773654376
2735,mixtura,packing_A,T09,largo,15,G2,3.9696358274465924,0.6724650352859182,0.917968643083878,False,334,331.38021089450325,0.7905689656075373,0.02877529462371141,23.17416305890524,60,200.4,9.830838656053665,290,-0.19039183825676204
2735,mixtura,packing_A,T09,largo,15,G2,3.9696358274465924,0.6724650352859182,0.917968643083878,False,334,331.38021089450325,0.7905689656075373,0.02877529462371141,23.17416305890524,60,200.4,9.830838656053665,291,-0.1312265696024431
2735,mixtura,packing_A,T09,largo,15,G2,3.9696358274465924,0.6724650352859182,0.917968643083878,False,334,331.38021089450325,0.7905689656075373,0.02877529462371141,23.17416305890524,60,200.4,9.830838656053665,292,-0.44360365941470586
2735,mixtura,packing_A,T09,largo,15,G2,3.9696358274465924,0.6724650352859182,0.917968643083878,False,334,331.38021089450325,0.7905689656075373,0.02877529462371141,23.17416305890524,60,200.4,9.830838656053665,293,-0.3827928430173158
2735,mixtura,packing_A,T09,largo,15,G2,3.9696358274465924,0.6724650352859182,0.917968643083878,False,334,331.38021089450325,0.7905689656075373,0.02877529462371141,23.17416305890524,60,200.4,9.830838656053665,294,-0.24555276960998262
2735,mixtura,packing_A,T09,largo,15,G2,3.9696358274465924,0.6724650352859182,0.917968643083878,False,334,331.38021089450325,0.7905689656075373,0.02877529462371141,23.17416305890524,60,200.4,9.830838656053665,295,-0.36571540384038154
2735,mixtura,packing_A,T09,largo,15,G2,3.9696358274465924,0.6724650352859182,0.917968643083878,False,334,331.38021089450325,0.7905689656075373,0.02877529462371141,23.17416305890524,60,200.4,9.830838656053665,296,-0.44253949862407294
2735,mixtura,packing_A,T09,largo,15,G2,3.9696358274465924,0.6724650352859182,0.917968643083878,False,334,331.38021089450325,0.7905689656075373,0.02877529462371141,23.17416305890524,60,200.4,9.830838656053665,297,-0.21842088021175973
2735,mixtura,packing_A,T09,largo,15,G2,3.9696358274465924,0.6724650352859182,0.917968643083878,False,334,331.38021089450325,0.7905689656075373,0.02877529462371141,23.17416305890524,60,200.4,9.830838656053665,298,-0.2938620312883343
2735,mixtura,packing_A,T09,largo,15,G2,3.9696358274465924,0.6724650352859182,0.917968643083878,False,334,331.38021089450325,0.7905689656075373,0.02877529462371141,23.17416305890524,60,200.4,9.830838656053665,299,-0.18031710764285103
2735,mixtura,packing_A,T09,largo,15,G2,3.9696358274465924,0.6724650352859182,0.917968643083878,False,334,331.38021089450325,0.7905689656075373,0.02877529462371141,23.17416305890524,60,200.4,9.830838656053665,300,0.15398256466530086
2735,mixtura,packing_A,T09,largo,15,G2,3.9696358274465924,0.6724650352859182,0.917968643083878,False,334,331.38021089450325,0.7905689656075373,0.02877529462371141,23.17416305890524,60,200.4,9.830838656053665,301,0.0455450397766899
2735,mixtura,packing_A,T09,largo,15,G2,3.9696358274465924,0.6724650352859182,0.917968643083878,False,334,331.38021089450325,0.7905689656075373,0.02877529462371141,23.17416305890524,60,200.4,9.830838656053665,302,0.16592151693917565
2735,mixtura,packing_A,T09,largo,15,G2,3.9696358274465924,0.6724650352859182,0.917968643083878,False,334,331.38021089450325,0.7905689656075373,0.02877529462371141,23.17416305890524,60,200.4,9.830838656053665,303,0.13906861822732652
2735,mixtura,packing_A,T09,largo,15,G2,3.9696358274465924,0.6724650352859182,0.917968643083878,False,334,331.38021089450325,0.7905689656075373,0.02877529462371141,23.17416305890524,60,200.4,9.830838656053665,304,0.34746368855187393
2735,mixtura,packing_A,T09,largo,15,G2,3.9696358274465924,0.6724650352859182,0.917968643083878,False,334,331.38021089450325,0.7905689656075373,0.02877529462371141,23.17416305890524,60,200.4,9.830838656053665,305,0.2844959463829493
2735,mixtura,packing_A,T09,largo,15,G2,3.9696358274465924,0.6724650352859182,0.917968643083878,False,334,331.38021089450325,0.7905689656075373,0.02877529462371141,23.17416305890524,60,200.4,9.830838656053665,306,0.6548981765838253
2735,mixtura,packing_A,T09,largo,15,G2,3.9696358274465924,0.6724650352859182,0.917968643083878,False,334,331.38021089450325,0.7905689656075373,0.02877529462371141,23.17416305890524,60,200.4,9.830838656053665,307,0.4712831840027411
2735,mixtura,packing_A,T09,largo,15,G2,3.9696358274465924,0.6724650352859182,0.917968643083878,False,334,331.38021089450325,0.7905689656075373,0.02877529462371141,23.17416305890524,60,200.4,9.830838656053665,308,0.31702003020269365
2735,mixtura,packing_A,T09,largo,15,G2,3.9696358274465924,0.6724650352859182,0.917968643083878,False,334,331.38021089450325,0.7905689656075373,0.02877529462371141,23.17416305890524,60,200.4,9.830838656053665,309,0.4720286189643789
2735,mixtura,packing_A,T09,largo,15,G2,3.9696358274465924,0.6724650352859182,0.917968643083878,False,334,331.38021089450325,0.7905689656075373,0.02877529462371141,23.17416305890524,60,200.4,9.830838656053665,310,0.4742384221287548
2735,mixtura,packing_A,T09,largo,15,G2,3.9696358274465924,0.6724650352859182,0.917968643083878,False,334,331.38021089450325,0.7905689656075373,0.02877529462371141,23.17416305890524,60,200.4,9.830838656053665,311,0.40458404602791087
2735,mixtura,packing_A,T09,largo,15,G2,3.9696358274465924,0.6724650352859182,0.917968643083878,False,334,331.38021089450325,0.7905689656075373,0.02877529462371141,23.17416305890524,60,200.4,9.830838656053665,312,0.3613027614539328
2735,mixtura,packing_A,T09,largo,15,G2,3.9696358274465924,0.6724650352859182,0.917968643083878,False,334,331.38021089450325,0.7905689656075373,0.02877529462371141,23.17416305890524,60,200.4,9.830838656053665,313,0.17971797550685106
2735,mixtura,packing_A,T09,largo,15,G2,3.9696358274465924,0.6724650352859182,0.917968643083878,False,334,331.38021089450325,0.7905689656075373,0.02877529462371141,23.17416305890524,60,200.4,9.830838656053665,314,0.08201442241478524
2735,mixtura,packing_A,T09,largo,15,G2,3.9696358274465924,0.6724650352859182,0.917968643083878,False,334,331.38021089450325,0.7905689656075373,0.02877529462371141,23.17416305890524,60,200.4,9.830838656053665,315,0.032821144885177046
2735,mixtura,packing_A,T09,largo,15,G2,3.9696358274465924,0.6724650352859182,0.917968643083878,False,334,331.38021089450325,0.7905689656075373,0.02877529462371141,23.17416305890524,60,200.4,9.830838656053665,316,-0.1412909669903819
2735,mixtura,packing_A,T09,largo,15,G2,3.9696358274465924,0.6724650352859182,0.917968643083878,False,334,331.38021089450325,0.7905689656075373,0.02877529462371141,23.17416305890524,60,200.4,9.830838656053665,317,-0.18817867777093528
2735,mixtura,packing_A,T09,largo,15,G2,3.9696358274465924,0.6724650352859182,0.917968643083878,False,334,331.38021089450325,0.7905689656075373,0.02877529462371141,23.17416305890524,60,200.4,9.830838656053665,318,-0.31800807336728787
2735,mixtura,packing_A,T09,largo,15,G2,3.9696358274465924,0.6724650352859182,0.917968643083878,False,334,331.38021089450325,0.7905689656075373,0.02877529462371141,23.17416305890524,60,200.4,9.830838656053665,319,-0.33414166563880643
2735,mixtura,packing_A,T09,largo,15,G2,3.9696358274465924,0.6724650352859182,0.917968643083878,False,334,331.38021089450325,0.7905689656075373,0.02877529462371141,23.17416305890524,60,200.4,9.830838656053665,320,-0.20954857133405208
2735,mixtura,packing_A,T09,largo,15,G2,3.9696358274465924,0.6724650352859182,0.917968643083878,False,334,331.38021089450325,0.7905689656075373,0.02877529462371141,23.17416305890524,60,200.4,9.830838656053665,321,-0.4052133028181506
2735,mixtura,packing_A,T09,largo,15,G2,3.9696358274465924,0.6724650352859182,0.917968643083878,False,334,331.38021089450325,0.7905689656075373,0.02877529462371141,23.17416305890524,60,200.4,9.830838656053665,322,-0.7028095910205447
2735,mixtura,packing_A,T09,largo,15,G2,3.9696358274465924,0.6724650352859182,0.917968643083878,False,334,331.38021089450325,0.7905689656075373,0.02877529462371141,23.17416305890524,60,200.4,9.830838656053665,323,-0.4394467924314121
2735,mixtura,packing_A,T09,largo,15,G2,3.9696358274465924,0.6724650352859182,0.917968643083878,False,334,331.38021089450325,0.7905689656075373,0.02877529462371141,23.17416305890524,60,200.4,9.830838656053665,324,-0.29645565567220755
2735,mixtura,packing_A,T09,largo,15,G2,3.9696358274465924,0.6724650352859182,0.917968643083878,False,334,331.38021089450325,0.7905689656075373,0.02877529462371141,23.17416305890524,60,200.4,9.830838656053665,325,-0.36929715122130746
2735,mixtura,packing_A,T09,largo,15,G2,3.9696358274465924,0.6724650352859182,0.917968643083878,False,334,331.38021089450325,0.7905689656075373,0.02877529462371141,23.17416305890524,60,200.4,9.830838656053665,326,-0.24323011766327413
2735,mixtura,packing_A,T09,largo,15,G2,3.9696358274465924,0.6724650352859182,0.917968643083878,False,334,331.38021089450325,0.7905689656075373,0.02877529462371141,23.17416305890524,60,200.4,9.830838656053665,327,-0.2376819151526502
2735,mixtura,packing_A,T09,largo,15,G2,3.9696358274465924,0.6724650352859182,0.917968643083878,False,334,331.38021089450325,0.7905689656075373,0.02877529462371141,23.17416305890524,60,200.4,9.830838656053665,328,0.042320159262794116
2735,mixtura,packing_A,T09,largo,15,G2,3.9696358274465924,0.6724650352859182,0.917968643083878,False,334,331.38021089450325,0.7905689656075373,0.02877529462371141,23.17416305890524,60,200.4,9.830838656053665,329,-0.13290412464447976
2735,mixtura,packing_A,T09,largo,15,G2,3.9696358274465924,0.6724650352859182,0.917968643083878,False,334,331.38021089450325,0.7905689656075373,0.02877529462371141,23.17416305890524,60,200.4,9.830838656053665,330,0.07539243780828947
2735,mixtura,packing_A,T09,largo,15,G2,3.9696358274465924,0.6724650352859182,0.917968643083878,False,334,331.38021089450325,0.7905689656075373,0.02877529462371141,23.17416305890524,60,200.4,9.830838656053665,331,0.13344916455034625
2735,mixtura,packing_A,T09,largo,15,G2,3.9696358274465924,0.6724650352859182,0.917968643083878,False,334,331.38021089450325,0.7905689656075373,0.02877529462371141,23.17416305890524,60,200.4,9.830838656053665,332,0.4466524389528782
2735,mixtura,packing_A,T09,largo,15,G2,3.9696358274465924,0.6724650352859182,0.917968643083878,False,334,331.38021089450325,0.7905689656075373,0.02877529462371141,23.17416305890524,60,200.4,9.830838656053665,333,0.4536175178348748
